0 0.2229483328125 0.80663725 0.22654899999999997 0.80231625 0.2229483328125 0.7985355000000001 0.226069 0.7942145 0.22126800000000002 0.79025375 0.2138263328125 0.7897135 0.21142566718750003 0.79259425 0.212146 0.79475475 0.2140663328125 0.7988955 0.2111856671875 0.8032165000000001 0.2150263328125 0.8071775000000001 0.2229483328125 0.80663725
0 0.2426326671875 0.78863325 0.2452733328125 0.7945745 0.253915 0.7940345 0.257756 0.787913 0.25151466718750004 0.78395225 0.2426326671875 0.78863325
0 0.226789 0.7771107500000001 0.22366833281249998 0.78575275 0.2327903328125 0.7853925 0.23639133281250002 0.78143175 0.22942966718750002 0.777831 0.226789 0.7771107500000001
0 0.21022533281250003 0.76846875 0.2059043328125 0.76828875 0.20110333281249998 0.768829 0.1967823328125 0.7722497500000001 0.20206366718750002 0.7771107500000001 0.2104653328125 0.7772907499999999 0.21022533281250003 0.76846875
0 0.19822266718749998 0.75496575 0.2006233328125 0.75046475 0.20038333281249998 0.7490245 0.19270166718749998 0.7461439999999999 0.18742033281249998 0.746684 0.18526 0.75046475 0.1883806671875 0.75442575 0.19198133281250002 0.7556860000000001 0.19822266718749998 0.75496575
0 0.258623 0.665068 0.2506346671875 0.6659237499999999 0.2483523328125 0.67134425 0.251015 0.6744825 0.2590033328125 0.6744825 0.2620463328125 0.669062 0.258623 0.665068
0 0.22058399999999997 0.58889525 0.2129763328125 0.58860975 0.21031366718750003 0.593745 0.2148783328125 0.5983097500000001 0.2228663328125 0.597454 0.22628966718750002 0.59231875 0.22058399999999997 0.58889525
0 0.2418856671875 0.56008075 0.2350386671875 0.5609365000000001 0.23275633281250002 0.56493075 0.2331366671875 0.570066 0.24378766718749997 0.5703512500000001 0.2464503328125 0.565216 0.2418856671875 0.56008075
0 0.2620463328125 0.5512367499999999 0.25672100000000003 0.55180725 0.2532973328125 0.556372 0.25672100000000003 0.5609365000000001 0.2643286671875 0.56065125 0.26661100000000004 0.55608675 0.2620463328125 0.5512367499999999
0 0.25443866718749997 0.51956925 0.24607 0.51985475 0.242266 0.524134 0.2453093328125 0.5295544999999999 0.2532973328125 0.5284135 0.25634066718750004 0.5247045 0.25443866718749997 0.51956925
0 0.24378766718749997 0.49646074999999995 0.2338976671875 0.49703125000000004 0.229333 0.5015959999999999 0.2331366671875 0.50616075 0.2426466671875 0.50559 0.244929 0.5015959999999999 0.24378766718749997 0.49646074999999995
0 0.218682 0.45880225 0.2091723328125 0.45880225 0.2061293328125 0.46336700000000003 0.2091723328125 0.468217 0.21792133281249998 0.4679315 0.2209643328125 0.46308175 0.218682 0.45880225
0 0.5277339999999999 0.5801832499999999 0.5152353328125 0.55005275 0.498273 0.5313049999999999 0.49291666718749994 0.49782675000000004 0.502737 0.46100075 0.48398899999999995 0.4368965 0.473276 0.40743549999999995 0.481311 0.38868775 0.5205919999999999 0.40944425000000007 0.5393396671875 0.40475725 0.5330903328125001 0.3860095 0.5205919999999999 0.38868775 0.51345 0.365253 0.49559499999999995 0.37730525 0.4643486671875 0.3799835 0.441137 0.39337475 0.4143543328125 0.3906965 0.405427 0.40140950000000003 0.458992 0.40475725 0.4634556671875 0.428192 0.43220933281249996 0.43622675 0.4152473328125 0.45162674999999997 0.44024433281249997 0.47238325000000003 0.4527426671875 0.509879 0.41346166718750005 0.51858325 0.3670386671875 0.51255725 0.35453999999999997 0.54335725 0.34918333281249997 0.5781745 0.36971666718749996 0.5842005 0.3232936671875 0.60160925 0.32954300000000003 0.63240925 0.34918333281249997 0.63374825 0.35811099999999996 0.6397744999999999 0.3572183328125 0.6732525 0.379537 0.6873135 0.3768586671875 0.7134265 0.41971100000000006 0.73887 0.4464936671875 0.7361917499999999 0.47059766718749996 0.7335135 0.5161283328125 0.750922 0.5330903328125001 0.7241394999999999 0.556302 0.7194524999999999 0.596476 0.7783742499999999 0.6152236671875 0.75293075 0.625044 0.6933395 0.5768353328125 0.6196875000000001 0.5393396671875 0.65249625 0.5116643328125 0.667896 0.5000586671875 0.64446125 0.5188063328125 0.635757 0.5089863328125 0.604957 0.5277339999999999 0.5801832499999999
1 0.74 0.8675 0.74 0.08499999999999999 0.1266666671875 0.08499999999999999 0.1266666671875 0.8675 0.74 0.8675