0 0.22654899999999997 0.19768375 0.2229483328125 0.19336275 0.2150263328125 0.1928225 0.2111856671875 0.1967835 0.2140663328125 0.20110450000000002 0.212146 0.20524525 0.21142566718750003 0.20740575 0.2138263328125 0.2102865 0.22126800000000002 0.20974624999999997 0.226069 0.2057855 0.2229483328125 0.2014645 0.22654899999999997 0.19768375
0 0.25151466718750004 0.21604774999999998 0.257756 0.212087 0.253915 0.20596549999999997 0.2452733328125 0.20542549999999998 0.2426326671875 0.21136675 0.25151466718750004 0.21604774999999998
0 0.22942966718750002 0.222169 0.23639133281250002 0.21856825 0.2327903328125 0.2146075 0.22366833281249998 0.21424724999999997 0.226789 0.22288925 0.22942966718750002 0.222169
0 0.1967823328125 0.22775025000000002 0.20110333281249998 0.23117100000000002 0.2059043328125 0.23171124999999998 0.21022533281250003 0.23153125000000002 0.2104653328125 0.22270925 0.20206366718750002 0.22288925 0.1967823328125 0.22775025000000002
0 0.19270166718749998 0.25385599999999997 0.20038333281249998 0.2509755 0.2006233328125 0.24953525000000001 0.19822266718749998 0.24503425 0.19198133281250002 0.244314 0.1883806671875 0.24557425 0.18526 0.24953525000000001 0.18742033281249998 0.253316 0.19270166718749998 0.25385599999999997
0 0.251015 0.3255175 0.2483523328125 0.32865574999999997 0.2506346671875 0.33407624999999996 0.258623 0.334932 0.2620463328125 0.330938 0.2590033328125 0.3255175 0.251015 0.3255175
0 0.2148783328125 0.40169024999999997 0.21031366718750003 0.406255 0.2129763328125 0.41139025 0.22058399999999997 0.41110474999999996 0.22628966718750002 0.40768125 0.2228663328125 0.40254599999999996 0.2148783328125 0.40169024999999997
0 0.2331366671875 0.429934 0.23275633281250002 0.43506925 0.2350386671875 0.43906349999999994 0.2418856671875 0.43991925 0.2464503328125 0.43478399999999995 0.24378766718749997 0.42964874999999997 0.2331366671875 0.429934
0 0.25672100000000003 0.43906349999999994 0.2532973328125 0.443628 0.25672100000000003 0.44819275000000003 0.2620463328125 0.44876325 0.26661100000000004 0.44391325000000004 0.2643286671875 0.43934875 0.25672100000000003 0.43906349999999994
0 0.2453093328125 0.4704455 0.242266 0.475866 0.24607 0.48014524999999997 0.25443866718749997 0.48043075 0.25634066718750004 0.4752955 0.2532973328125 0.4715865 0.2453093328125 0.4704455
0 0.2331366671875 0.49383925 0.229333 0.498404 0.2338976671875 0.50296875 0.24378766718749997 0.50353925 0.244929 0.498404 0.2426466671875 0.49440999999999996 0.2331366671875 0.49383925
0 0.2091723328125 0.531783 0.2061293328125 0.5366329999999999 0.2091723328125 0.54119775 0.218682 0.54119775 0.2209643328125 0.53691825 0.21792133281249998 0.5320685 0.2091723328125 0.531783
0 0.32954300000000003 0.36759075 0.3232936671875 0.39839075 0.36971666718749996 0.4157995 0.34918333281249997 0.4218255 0.35453999999999997 0.45664275 0.3670386671875 0.48744275000000004 0.41346166718750005 0.48141675 0.4527426671875 0.490121 0.44024433281249997 0.52761675 0.4152473328125 0.54837325 0.43220933281249996 0.56377325 0.4634556671875 0.571808 0.458992 0.5952427499999999 0.405427 0.5985905 0.4143543328125 0.6093035 0.441137 0.60662525 0.4643486671875 0.6200165 0.49559499999999995 0.62269475 0.51345 0.6347470000000001 0.5205919999999999 0.61131225 0.5330903328125001 0.6139905 0.5393396671875 0.5952427499999999 0.5205919999999999 0.5905557499999999 0.481311 0.61131225 0.473276 0.5925645 0.48398899999999995 0.5631035 0.502737 0.53899925 0.49291666718749994 0.50217325 0.498273 0.46869500000000003 0.5152353328125 0.44994725 0.5277339999999999 0.41981675 0.5089863328125 0.395043 0.5188063328125 0.364243 0.5000586671875 0.35553875 0.5116643328125 0.332104 0.5393396671875 0.34750375 0.5768353328125 0.3803125 0.625044 0.3066605 0.6152236671875 0.24706925000000002 0.596476 0.22162575 0.556302 0.2805475 0.5330903328125001 0.2758605 0.5161283328125 0.249078 0.47059766718749996 0.26648649999999996 0.4464936671875 0.26380824999999997 0.41971100000000006 0.26113 0.3768586671875 0.2865735 0.379537 0.3126865 0.3572183328125 0.3267475 0.35811099999999996 0.3602255 0.34918333281249997 0.36625175 0.32954300000000003 0.36759075
1 0.1266666671875 0.1325 0.1266666671875 0.915 0.74 0.915 0.74 0.1325 0.1266666671875 0.1325