0 0.19336275 0.7770516671875 0.1928225 0.7849736671875001 0.1967835 0.7888143328125 0.20110450000000002 0.7859336671875 0.20524525 0.787854 0.20740575 0.7885743328125 0.2102865 0.7861736671874999 0.20974624999999997 0.778732 0.2057855 0.7739309999999999 0.2014645 0.7770516671875 0.19768375 0.773451 0.19336275 0.7770516671875
0 0.21604774999999998 0.7484853328125001 0.212087 0.742244 0.20596549999999997 0.746085 0.20542549999999998 0.7547266671874999 0.21136675 0.7573673328125 0.21604774999999998 0.7484853328125001
0 0.222169 0.7705703328125 0.21856825 0.7636086671875 0.2146075 0.7672096671874999 0.21424724999999997 0.7763316671875 0.22288925 0.773211 0.222169 0.7705703328125
0 0.23171124999999998 0.7940956671875 0.23153125000000002 0.7897746671875 0.22270925 0.7895346671875 0.22288925 0.7979363328125 0.22775025000000002 0.8032176671875 0.23117100000000002 0.7988966671875 0.23171124999999998 0.7940956671875
0 0.24953525000000001 0.8147399999999999 0.253316 0.8125796671875 0.25385599999999997 0.8072983328125 0.2509755 0.7996166671875 0.24953525000000001 0.7993766671875 0.24503425 0.8017773328125 0.244314 0.8080186671874999 0.24557425 0.8116193328125 0.24953525000000001 0.8147399999999999
0 0.33407624999999996 0.7493653328125001 0.334932 0.7413770000000001 0.330938 0.7379536671875 0.3255175 0.7409966671875 0.3255175 0.748985 0.32865574999999997 0.7516476671875 0.33407624999999996 0.7493653328125001
0 0.41139025 0.7870236671875 0.41110474999999996 0.779416 0.40768125 0.7737103328125 0.40254599999999996 0.7771336671875 0.40169024999999997 0.7851216671875 0.406255 0.7896863328125 0.41139025 0.7870236671875
0 0.43906349999999994 0.7649613328125 0.43991925 0.7581143328125 0.43478399999999995 0.7535496671875 0.42964874999999997 0.7562123328125 0.429934 0.7668633328125 0.43506925 0.7672436671875 0.43906349999999994 0.7649613328125
0 0.44819275000000003 0.743279 0.44876325 0.7379536671875 0.44391325000000004 0.7333890000000001 0.43934875 0.7356713328125 0.43906349999999994 0.743279 0.443628 0.7467026671875 0.44819275000000003 0.743279
0 0.48014524999999997 0.75393 0.48043075 0.7455613328124999 0.4752955 0.7436593328125001 0.4715865 0.7467026671875 0.4704455 0.7546906671875 0.475866 0.757734 0.48014524999999997 0.75393
0 0.50296875 0.7661023328125001 0.50353925 0.7562123328125 0.498404 0.7550709999999999 0.49440999999999996 0.7573533328125001 0.49383925 0.7668633328125 0.498404 0.770667 0.50296875 0.7661023328125001
0 0.54119775 0.7908276671875 0.54119775 0.781318 0.53691825 0.7790356671875001 0.5320685 0.7820786671875 0.531783 0.7908276671875 0.5366329999999999 0.7938706671875 0.54119775 0.7908276671875
0 0.2758605 0.4669096671875 0.249078 0.48387166718749997 0.26648649999999996 0.5294023328125 0.26380824999999997 0.5535063328125001 0.26113 0.5802889999999999 0.2865735 0.6231413328125 0.3126865 0.620463 0.3267475 0.6427816671875 0.3602255 0.641889 0.36625175 0.6508166671875 0.36759075 0.6704570000000001 0.39839075 0.6767063328125 0.4157995 0.6302833328124999 0.4218255 0.6508166671875 0.45664275 0.64546 0.48744275000000004 0.6329613328125 0.48141675 0.5865383328125 0.490121 0.5472573328125 0.52761675 0.5597556671875 0.54837325 0.5847526671875001 0.56377325 0.5677906671875 0.571808 0.5365443328125 0.5952427499999999 0.5410079999999999 0.5985905 0.594573 0.6093035 0.5856456671875 0.60662525 0.558863 0.6200165 0.5356513328125 0.62269475 0.504405 0.6347470000000001 0.48655 0.61131225 0.479408 0.6139905 0.4669096671875 0.5952427499999999 0.46066033281249996 0.5905557499999999 0.479408 0.61131225 0.518689 0.5925645 0.526724 0.5631035 0.516011 0.53899925 0.49726299999999996 0.50217325 0.5070833328125001 0.46869500000000003 0.501727 0.44994725 0.4847646671875 0.41981675 0.472266 0.395043 0.49101366718749995 0.364243 0.4811936671875 0.35553875 0.4999413328125 0.332104 0.4883356671875 0.34750375 0.46066033281249996 0.3803125 0.42316466718749995 0.3066605 0.37495599999999996 0.24706925000000002 0.3847763328125 0.22162575 0.403524 0.2805475 0.44369800000000004 0.2758605 0.4669096671875
1 0.915 0.26 0.1325 0.26 0.1325 0.8733333328124999 0.915 0.8733333328124999 0.915 0.26