0 0.157365 0.922650 0.163243 0.917131 0.157365 0.912301 0.162460 0.906781 0.154621 0.901721 0.142472 0.901031 0.138552 0.904711 0.139728 0.907471 0.142863 0.912761 0.138160 0.918281 0.144431 0.923341 0.157365 0.922650
0 0.189502 0.899651 0.193814 0.907241 0.207922 0.906551 0.214193 0.898731 0.204004 0.893672 0.189502 0.899651
0 0.163635 0.884932 0.158540 0.895972 0.173433 0.895511 0.179312 0.890452 0.167946 0.885852 0.163635 0.884932
0 0.136592 0.873892 0.129538 0.873662 0.121699 0.874352 0.114645 0.878722 0.123267 0.884932 0.136984 0.885162 0.136592 0.873892
0 0.116996 0.856643 0.120916 0.850893 0.120524 0.849053 0.107982 0.845374 0.099360 0.846063 0.095833 0.850893 0.100928 0.855953 0.106806 0.857563 0.116996 0.856643
0 0.215609 0.741803 0.202567 0.742897 0.198841 0.749821 0.203188 0.753830 0.216230 0.753830 0.221198 0.746906 0.215609 0.741803
0 0.153504 0.644497 0.141084 0.644132 0.136737 0.650692 0.144189 0.656523 0.157231 0.655430 0.162820 0.648870 0.153504 0.644497
0 0.188283 0.607688 0.177104 0.608781 0.173378 0.613884 0.173999 0.620444 0.191388 0.620808 0.195735 0.614248 0.188283 0.607688
0 0.221198 0.596390 0.212504 0.597119 0.206914 0.602950 0.212504 0.608781 0.224924 0.608417 0.228651 0.602586 0.221198 0.596390
0 0.208777 0.555937 0.195114 0.556301 0.188904 0.561768 0.193872 0.568692 0.206914 0.567235 0.211883 0.562497 0.208777 0.555937
0 0.191388 0.526417 0.175241 0.527146 0.167789 0.532977 0.173999 0.538808 0.189525 0.538079 0.193251 0.532977 0.191388 0.526417
0 0.150399 0.478310 0.134873 0.478310 0.129905 0.484141 0.134873 0.490337 0.149157 0.489972 0.154125 0.483777 0.150399 0.478310
0 0.654974 0.633368 0.634568 0.594878 0.606874 0.570929 0.598129 0.528162 0.614162 0.481119 0.583553 0.450327 0.566063 0.412692 0.579181 0.388743 0.643313 0.415258 0.673922 0.409271 0.663719 0.385322 0.643313 0.388743 0.631653 0.358806 0.602502 0.374202 0.551488 0.377624 0.513591 0.394730 0.469864 0.391309 0.455289 0.404994 0.542742 0.409271 0.550030 0.439207 0.499015 0.449471 0.471322 0.469144 0.512134 0.495659 0.532539 0.543558 0.468407 0.554677 0.392614 0.546979 0.372208 0.586325 0.363463 0.630802 0.396986 0.638500 0.321194 0.660738 0.331397 0.700084 0.363463 0.701794 0.378038 0.709492 0.376581 0.752259 0.413020 0.770221 0.408647 0.803579 0.478610 0.836081 0.522337 0.832660 0.561690 0.829239 0.636026 0.851477 0.663719 0.817264 0.701616 0.811277 0.767206 0.886546 0.797814 0.854043 0.813847 0.777919 0.735139 0.683832 0.673922 0.725744 0.628738 0.745416 0.609790 0.715479 0.640398 0.704360 0.624365 0.665015 0.654974 0.633368
