0 0.163243 0.084865 0.157365 0.079346 0.144431 0.078655 0.138160 0.083715 0.142863 0.089235 0.139728 0.094525 0.138552 0.097285 0.142472 0.100965 0.154621 0.100275 0.162460 0.095215 0.157365 0.089695 0.163243 0.084865
0 0.204004 0.108324 0.214193 0.103265 0.207922 0.095445 0.193814 0.094755 0.189502 0.102345 0.204004 0.108324
0 0.167946 0.116144 0.179312 0.111544 0.173433 0.106485 0.158540 0.106024 0.163635 0.117064 0.167946 0.116144
0 0.114645 0.123274 0.121699 0.127644 0.129538 0.128334 0.136592 0.128104 0.136984 0.116834 0.123267 0.117064 0.114645 0.123274
0 0.107982 0.156622 0.120524 0.152943 0.120916 0.151103 0.116996 0.145353 0.106806 0.144433 0.100928 0.146043 0.095833 0.151103 0.099360 0.155933 0.107982 0.156622
0 0.203188 0.248166 0.198841 0.252175 0.202567 0.259099 0.215609 0.260193 0.221198 0.255090 0.216230 0.248166 0.203188 0.248166
0 0.144189 0.345473 0.136737 0.351304 0.141084 0.357864 0.153504 0.357499 0.162820 0.353126 0.157231 0.346566 0.144189 0.345473
0 0.173999 0.381552 0.173378 0.388112 0.177104 0.393215 0.188283 0.394308 0.195735 0.387748 0.191388 0.381188 0.173999 0.381552
0 0.212504 0.393215 0.206914 0.399046 0.212504 0.404877 0.221198 0.405606 0.228651 0.399410 0.224924 0.393579 0.212504 0.393215
0 0.193872 0.433304 0.188904 0.440228 0.195114 0.445695 0.208777 0.446059 0.211883 0.439499 0.206914 0.434761 0.193872 0.433304
0 0.173999 0.463188 0.167789 0.469019 0.175241 0.474850 0.191388 0.475579 0.193251 0.469019 0.189525 0.463917 0.173999 0.463188
0 0.134873 0.511659 0.129905 0.517855 0.134873 0.523686 0.150399 0.523686 0.154125 0.518219 0.149157 0.512024 0.134873 0.511659
0 0.331397 0.301912 0.321194 0.341258 0.396986 0.363496 0.363463 0.371194 0.372208 0.415671 0.392614 0.455017 0.468407 0.447319 0.532539 0.458438 0.512134 0.506337 0.471322 0.532852 0.499015 0.552525 0.550030 0.562789 0.542742 0.592725 0.455289 0.597002 0.469864 0.610687 0.513591 0.607266 0.551488 0.624372 0.602502 0.627794 0.631653 0.643190 0.643313 0.613253 0.663719 0.616674 0.673922 0.592725 0.643313 0.586738 0.579181 0.613253 0.566063 0.589304 0.583553 0.551669 0.614162 0.520877 0.598129 0.473834 0.606874 0.431067 0.634568 0.407118 0.654974 0.368628 0.624365 0.336981 0.640398 0.297636 0.609790 0.286517 0.628738 0.256580 0.673922 0.276252 0.735139 0.318164 0.813847 0.224077 0.797814 0.147953 0.767206 0.115450 0.701616 0.190719 0.663719 0.184732 0.636026 0.150519 0.561690 0.172757 0.522337 0.169336 0.478610 0.165915 0.408647 0.198417 0.413020 0.231775 0.376581 0.249737 0.378038 0.292504 0.363463 0.300202 0.331397 0.301912
