0 0.079346 0.845186 0.078655 0.858120 0.083715 0.864391 0.089235 0.859688 0.094525 0.862823 0.097285 0.863999 0.100965 0.860079 0.100275 0.847930 0.095215 0.840091 0.089695 0.845186 0.084865 0.839308 0.079346 0.845186
0 0.108324 0.798547 0.103265 0.788358 0.095445 0.794629 0.094755 0.808737 0.102345 0.813049 0.108324 0.798547
0 0.116144 0.834605 0.111544 0.823239 0.106485 0.829118 0.106024 0.844011 0.117064 0.838916 0.116144 0.834605
0 0.128334 0.873013 0.128104 0.865959 0.116834 0.865567 0.117064 0.879284 0.123274 0.887906 0.127644 0.880852 0.128334 0.873013
0 0.151103 0.906718 0.155933 0.903191 0.156622 0.894569 0.152943 0.882027 0.151103 0.881635 0.145353 0.885555 0.144433 0.895745 0.146043 0.901623 0.151103 0.906718
0 0.259099 0.799984 0.260193 0.786942 0.255090 0.781353 0.248166 0.786321 0.248166 0.799363 0.252175 0.803710 0.259099 0.799984
0 0.357864 0.861467 0.357499 0.849047 0.353126 0.839731 0.346566 0.845320 0.345473 0.858362 0.351304 0.865814 0.357864 0.861467
0 0.393215 0.825447 0.394308 0.814268 0.387748 0.806816 0.381188 0.811163 0.381552 0.828552 0.388112 0.829173 0.393215 0.825447
0 0.404877 0.790047 0.405606 0.781353 0.399410 0.773900 0.393579 0.777627 0.393215 0.790047 0.399046 0.795637 0.404877 0.790047
0 0.445695 0.807437 0.446059 0.793774 0.439499 0.790668 0.434761 0.795637 0.433304 0.808679 0.440228 0.813647 0.445695 0.807437
0 0.474850 0.827310 0.475579 0.811163 0.469019 0.809300 0.463917 0.813026 0.463188 0.828552 0.469019 0.834762 0.474850 0.827310
0 0.523686 0.867678 0.523686 0.852152 0.518219 0.848426 0.512024 0.853394 0.511659 0.867678 0.517855 0.872646 0.523686 0.867678
0 0.184732 0.338832 0.150519 0.366525 0.172757 0.440861 0.169336 0.480214 0.165915 0.523941 0.198417 0.593904 0.231775 0.589531 0.249737 0.625970 0.292504 0.624513 0.300202 0.639088 0.301912 0.671154 0.341258 0.681357 0.363496 0.605565 0.371194 0.639088 0.415671 0.630343 0.455017 0.609937 0.447319 0.534144 0.458438 0.470012 0.506337 0.490417 0.532852 0.531229 0.552525 0.503536 0.562789 0.452521 0.592725 0.459809 0.597002 0.547262 0.610687 0.532687 0.607266 0.488960 0.624372 0.451063 0.627794 0.400049 0.643190 0.370898 0.613253 0.359238 0.616674 0.338832 0.592725 0.328629 0.586738 0.359238 0.613253 0.423370 0.589304 0.436488 0.551669 0.418998 0.520877 0.388389 0.473834 0.404422 0.431067 0.395677 0.407118 0.367983 0.368628 0.347577 0.336981 0.378186 0.297636 0.362153 0.286517 0.392761 0.256580 0.373813 0.276252 0.328629 0.318164 0.267412 0.224077 0.188704 0.147953 0.204737 0.115450 0.235345 0.190719 0.300936 0.184732 0.338832
